6 0.1984375 0.6515625 0.1109375 0.06875
6 0.3296875 0.6546875 0.0484375 0.075
6 0.43984375 0.6671875 0.0828125 0.09375
6 0.55703125 0.65078125 0.0921875 0.0609375
6 0.653125 0.67890625 0.0671875 0.1125
6 0.75546875 0.6171875 0.0921875 0.0921875
6 0.84921875 0.53984375 0.115625 0.071875
6 0.9140625 0.36015625 0.096875 0.059375
6 0.67265625 0.47109375 0.071875 0.0625
6 0.80625 0.3875 0.1015625 0.0734375
6 0.56953125 0.4609375 0.1 0.0640625
6 0.5 0.46953125 0.1 0.06875
6 0.415625 0.54453125 0.06875 0.078125
6 0.34296875 0.50625 0.0921875 0.084375
6 0.19453125 0.5265625 0.075 0.0671875
6 0.1125 0.43515625 0.0453125 0.034375
6 0.13125 0.34921875 0.046875 0.0375
6 0.2546875 0.4234375 0.0734375 0.0625
6 0.19609375 0.35390625 0.04375 0.04375
6 0.35546875 0.43046875 0.075 0.0609375
6 0.43125 0.3796875 0.0734375 0.04375
6 0.5140625 0.36015625 0.0859375 0.05625
6 0.6 0.346875 0.0796875 0.0609375
6 0.70234375 0.325 0.0828125 0.0703125
6 0.7984375 0.33515625 0.0984375 0.059375
6 0.87890625 0.28984375 0.0984375 0.075
6 0.8296875 0.246875 0.0796875 0.0578125
6 0.73203125 0.2609375 0.0703125 0.046875
6 0.62265625 0.2859375 0.0671875 0.0546875
6 0.55078125 0.2921875 0.0703125 0.0359375
6 0.3453125 0.3515625 0.0609375 0.0671875
6 0.28828125 0.3515625 0.06875 0.0546875
6 0.396875 0.31640625 0.053125 0.0453125