6 0.090625 0.48671875 0.06484375 0.071875
6 0.18984375 0.5046875 0.05078125 0.075
6 0.27734375 0.52734375 0.0640625 0.08671875
6 0.3578125 0.54140625 0.04296875 0.05546875
6 0.49375 0.55703125 0.07578125 0.09453125
6 0.6296875 0.5265625 0.08046875 0.05
6 0.7421875 0.55390625 0.06484375 0.05546875
6 0.834375 0.52265625 0.05234375 0.08515625
6 0.9609375 0.45859375 0.07734375 0.04765625
6 0.87421875 0.365625 0.0828125 0.03984375
6 0.7578125 0.36953125 0.07421875 0.0375
6 0.6578125 0.44921875 0.0859375 0.04375
6 0.56328125 0.42890625 0.07421875 0.0390625
6 0.46796875 0.40703125 0.09140625 0.0625
6 0.315625 0.4 0.07421875 0.04140625
6 0.18984375 0.40234375 0.08828125 0.04296875
6 0.07578125 0.39765625 0.08125 0.04140625
6 0.19765625 0.33828125 0.0234375 0.025
6 0.2453125 0.34453125 0.053125 0.0515625
6 0.37734375 0.371875 0.04609375 0.0375
6 0.45859375 0.3515625 0.03984375 0.03046875
6 0.496875 0.37890625 0.03359375 0.03671875
6 0.5234375 0.3421875 0.04453125 0.03359375
6 0.5765625 0.36640625 0.04453125 0.059375
6 0.66640625 0.36015625 0.06484375 0.0390625
6 0.1375 0.321875 0.034375 0.03359375