1 0.5234375 0.5578125 0.1171875 0.2984375
1 0.33984375 0.45078125 0.0890625 0.203125
1 0.38984375 0.38828125 0.0640625 0.1578125
1 0.1265625 0.41640625 0.0734375 0.1859375
1 0.1625 0.36875 0.04375 0.096875
1 0.97890625 0.49765625 0.0421875 0.1484375
1 0.5359375 0.375 0.053125 0.109375
2 0.0375 0.36796875 0.059375 0.09375
2 0.0671875 0.3359375 0.090625 0.05625
2 0.246875 0.37890625 0.059375 0.0734375
5 0.18671875 0.32578125 0.059375 0.125
5 0.67109375 0.4 0.078125 0.2078125
5 0.78515625 0.371875 0.046875 0.0828125
5 0.92265625 0.42890625 0.0640625 0.1609375
2 0.13125 0.2296875 0.06875 0.0640625