6 0.18828125 0.63046875 0.109375 0.0609375
6 0.31953125 0.6421875 0.04375 0.0734375
6 0.428125 0.6625 0.078125 0.090625
6 0.54609375 0.6546875 0.090625 0.05625
6 0.63984375 0.68984375 0.0609375 0.109375
6 0.746875 0.63515625 0.0875 0.0875
6 0.8453125 0.5640625 0.1125 0.065625
6 0.92265625 0.38984375 0.0953125 0.053125
6 0.67421875 0.48359375 0.06875 0.059375
6 0.81328125 0.40859375 0.0984375 0.06875
6 0.571875 0.465625 0.096875 0.059375
6 0.50234375 0.46953125 0.096875 0.0625
6 0.41328125 0.53828125 0.0640625 0.075
6 0.34296875 0.4953125 0.0875 0.0796875
6 0.19375 0.50546875 0.071875 0.0640625
6 0.11796875 0.4078125 0.04375 0.0328125
6 0.14296875 0.32421875 0.0453125 0.034375
6 0.2609375 0.40625 0.0703125 0.059375
6 0.20703125 0.3328125 0.040625 0.0421875
6 0.36015625 0.4203125 0.0734375 0.05625
6 0.43984375 0.375 0.071875 0.0390625
6 0.52421875 0.36171875 0.0828125 0.0515625
6 0.61015625 0.35390625 0.0765625 0.05625
6 0.7140625 0.3390625 0.0796875 0.065625
6 0.809375 0.35703125 0.0953125 0.053125
6 0.8921875 0.31640625 0.0953125 0.0703125
6 0.846875 0.2703125 0.078125 0.053125
6 0.7484375 0.27734375 0.06875 0.04375
6 0.63671875 0.29453125 0.065625 0.05
6 0.56484375 0.29609375 0.06875 0.03125
6 0.35625 0.340625 0.05625 0.0640625
6 0.29921875 0.3375 0.065625 0.0515625
6 0.41015625 0.31015625 0.05 0.04375