0 0.69765625 0.45546875 0.178125 0.41875
6 0.5078125 0.340625 0.10625 0.0890625
6 0.3484375 0.32734375 0.1421875 0.0828125
6 0.184375 0.396875 0.09375 0.075
6 0.0734375 0.28125 0.128125 0.078125
6 0.00859375 0.30625 0.0171875 0.05
6 0.0234375 0.35 0.046875 0.059375
6 0.0578125 0.10703125 0.06875 0.06875
6 0.1671875 0.19765625 0.078125 0.06875
6 0.32109375 0.25390625 0.134375 0.0734375
6 0.36484375 0.215625 0.115625 0.06875
6 0.4140625 0.15078125 0.1125 0.065625
6 0.3640625 0.0828125 0.0578125 0.046875
6 0.503125 0.13203125 0.075 0.0609375
6 0.834375 0.3140625 0.1453125 0.08125
6 0.93671875 0.271875 0.0859375 0.078125
6 0.9328125 0.209375 0.06875 0.059375
6 0.9390625 0.10546875 0.0390625 0.059375
6 0.7984375 0.14921875 0.0640625 0.06875
6 0.7109375 0.17421875 0.146875 0.0828125