0 0.35078125 0.67265625 0.1703125 0.43515625
0 0.91171875 0.465625 0.1765625 0.37421875
0 0.89765625 0.2109375 0.1609375 0.409375
0 0.75625 0.13125 0.10625 0.2625
0 0.96484375 0.07421875 0.0671875 0.1484375
0 0.50546875 0.128125 0.07578125 0.25625
6 0.59921875 0.14296875 0.08515625 0.153125
6 0.3953125 0.27421875 0.15078125 0.1421875
6 0.17421875 0.27265625 0.20234375 0.12421875
6 0.0890625 0.10703125 0.178125 0.09140625
6 0.03984375 0.02421875 0.0796875 0.0484375
6 0.3765625 0.10625 0.11953125 0.10859375
0 0.63046875 0.5453125 0.1 0.29296875