0 0.7015625 0.4796875 0.1296875 0.40546875
6 0.52734375 0.34296875 0.096875 0.078125
6 0.3703125 0.31015625 0.134375 0.06640625
6 0.19921875 0.359375 0.08671875 0.06484375
6 0.103125 0.23125 0.12109375 0.0640625
6 0.02109375 0.24609375 0.0421875 0.0453125
6 0.0328125 0.29140625 0.065625 0.05234375
6 0.10859375 0.05625 0.0625 0.0609375
6 0.20625 0.159375 0.07109375 0.0609375
6 0.35234375 0.23359375 0.12890625 0.0578125
6 0.40078125 0.2015625 0.11015625 0.05546875
6 0.45703125 0.14296875 0.10625 0.05234375
6 0.415625 0.06953125 0.053125 0.04140625
6 0.54765625 0.13515625 0.06875 0.05234375
6 0.8546875 0.35625 0.1390625 0.0640625
6 0.9609375 0.3265625 0.078125 0.06875
6 0.96484375 0.2640625 0.0625 0.05234375
6 0.98359375 0.16171875 0.0328125 0.05625
6 0.8390625 0.18828125 0.05703125 0.0625
6 0.74921875 0.20234375 0.13984375 0.06640625