6 0.0921875 0.53671875 0.0734375 0.0796875
6 0.19296875 0.5421875 0.059375 0.08125
6 0.28203125 0.55390625 0.0734375 0.09375
6 0.3640625 0.55859375 0.05 0.0609375
6 0.50078125 0.55703125 0.0875 0.103125
6 0.63203125 0.5109375 0.0859375 0.059375
6 0.746875 0.52421875 0.071875 0.0625
6 0.834375 0.48203125 0.0625 0.090625
6 0.95234375 0.40234375 0.0828125 0.05625
6 0.8546875 0.32109375 0.0875 0.05
6 0.73984375 0.3390625 0.078125 0.046875
6 0.65078125 0.43046875 0.090625 0.053125
6 0.55390625 0.421875 0.078125 0.0484375
6 0.45703125 0.41171875 0.0984375 0.0734375
6 0.3046875 0.4234375 0.078125 0.05
6 0.18046875 0.440625 0.0921875 0.053125
6 0.06640625 0.45 0.0859375 0.0515625
6 0.18046875 0.3765625 0.0265625 0.028125
6 0.228125 0.3765625 0.059375 0.0578125
6 0.3625 0.3875 0.05 0.0421875
6 0.440625 0.3578125 0.04375 0.034375
6 0.48203125 0.38046875 0.0375 0.040625
6 0.50390625 0.340625 0.0484375 0.0390625
6 0.559375 0.3578125 0.0515625 0.0640625
6 0.6484375 0.340625 0.06875 0.046875
6 0.11875 0.3671875 0.0375 0.0375