6 0.1765625 0.596875 0.10390625 0.05078125
6 0.30546875 0.62265625 0.03671875 0.06953125
6 0.41171875 0.65390625 0.06953125 0.08359375
6 0.5296875 0.65859375 0.0859375 0.046875
6 0.61953125 0.703125 0.05 0.10546875
6 0.73125 0.66015625 0.07890625 0.07890625
6 0.83671875 0.6 0.1078125 0.0546875
6 0.93203125 0.434375 0.090625 0.04453125
6 0.675 0.5015625 0.0640625 0.05234375
6 0.82109375 0.4421875 0.09296875 0.05859375
6 0.575 0.4734375 0.09296875 0.04921875
6 0.50546875 0.4703125 0.09140625 0.053125
6 0.409375 0.52890625 0.05703125 0.06953125
6 0.34453125 0.47890625 0.08046875 0.07109375
6 0.19453125 0.4734375 0.06640625 0.05703125
6 0.1296875 0.36875 0.040625 0.028125
6 0.16328125 0.2875 0.04296875 0.03046875
6 0.271875 0.38203125 0.065625 0.05234375
6 0.22578125 0.303125 0.0375 0.03828125
6 0.36953125 0.40625 0.06796875 0.04921875
6 0.453125 0.36953125 0.06953125 0.03203125
6 0.53828125 0.36484375 0.07890625 0.04296875
6 0.625 0.36640625 0.07265625 0.0484375
6 0.7296875 0.3625 0.0734375 0.05859375
6 0.82265625 0.38984375 0.09140625 0.04453125
6 0.909375 0.35859375 0.08984375 0.0609375
6 0.86875 0.3078125 0.0734375 0.0453125
6 0.7703125 0.3046875 0.065625 0.03671875
6 0.6578125 0.31015625 0.0609375 0.04453125
6 0.5859375 0.30390625 0.0671875 0.02421875
6 0.3734375 0.3265625 0.05078125 0.059375
6 0.3171875 0.3171875 0.06171875 0.0453125
6 0.43046875 0.3015625 0.046875 0.03828125