6 0.0921875 0.4578125 0.0703125 0.0765625
6 0.190625 0.4828125 0.05625 0.078125
6 0.27578125 0.51171875 0.0703125 0.090625
6 0.35546875 0.53125 0.046875 0.0578125
6 0.48984375 0.55625 0.0828125 0.1
6 0.62734375 0.53515625 0.084375 0.05625
6 0.7375 0.5703125 0.06875 0.059375
6 0.83203125 0.54609375 0.0578125 0.0890625
6 0.9609375 0.490625 0.078125 0.053125
6 0.8828125 0.3921875 0.0859375 0.0453125
6 0.76640625 0.3875 0.0765625 0.0421875
6 0.6609375 0.46015625 0.0890625 0.05
6 0.56796875 0.43359375 0.0765625 0.04375
6 0.47421875 0.4046875 0.0953125 0.06875
6 0.3234375 0.3875 0.0765625 0.046875
6 0.19765625 0.38125 0.090625 0.0484375
6 0.08359375 0.36796875 0.084375 0.046875
6 0.209375 0.31796875 0.025 0.0265625
6 0.25703125 0.32734375 0.05625 0.0546875
6 0.38671875 0.36328125 0.0484375 0.040625
6 0.46875 0.34921875 0.0421875 0.0328125
6 0.50546875 0.37890625 0.0359375 0.0390625
6 0.534375 0.34453125 0.046875 0.0359375
6 0.5859375 0.371875 0.0484375 0.0625
6 0.67578125 0.371875 0.0671875 0.04375
6 0.15078125 0.296875 0.0359375 0.0359375