6 0.11796875 0.58671875 0.2359375 0.2171875
6 0.43828125 0.60625 0.2640625 0.171875
6 0.734375 0.65234375 0.2015625 0.10625
6 0.87890625 0.66328125 0.1921875 0.090625
6 0.58984375 0.41328125 0.1046875 0.1
6 0.32734375 0.32109375 0.2265625 0.1171875
6 0.1203125 0.29453125 0.078125 0.0625
6 0.40390625 0.2015625 0.146875 0.078125
6 0.42265625 0.12734375 0.1421875 0.0609375
6 0.69453125 0.296875 0.1125 0.0796875
6 0.9703125 0.3859375 0.059375 0.05625
6 0.8578125 0.2890625 0.109375 0.06875
6 0.7484375 0.225 0.0765625 0.075
6 0.590625 0.1375 0.0796875 0.05625