1 0.528125 0.55546875 0.09375 0.29375
1 0.3359375 0.46484375 0.0734375 0.2
1 0.38046875 0.3984375 0.0515625 0.15625
1 0.12109375 0.45 0.059375 0.1828125
1 0.15234375 0.39921875 0.0359375 0.09375
1 0.98125 0.4546875 0.0375 0.146875
1 0.525 0.371875 0.04375 0.1078125
2 0.02734375 0.40859375 0.0515625 0.0890625
2 0.0546875 0.37421875 0.0875 0.0484375
2 0.2375 0.4015625 0.0546875 0.0703125
5 0.17265625 0.35390625 0.0484375 0.121875
5 0.66171875 0.3859375 0.0609375 0.2046875
5 0.7734375 0.34765625 0.040625 0.0796875
5 0.91484375 0.39296875 0.05 0.1578125
2 0.10859375 0.2625 0.0640625 0.0578125