6 0.16640625 0.7078125 0.2515625 0.2328125
6 0.4765625 0.62109375 0.2734375 0.1921875
6 0.771875 0.56796875 0.20625 0.121875
6 0.90703125 0.5296875 0.1859375 0.10625
6 0.55703125 0.3890625 0.1109375 0.10625
6 0.27890625 0.3875 0.23125 0.134375
6 0.07421875 0.42890625 0.08125 0.0671875
6 0.31171875 0.24921875 0.15 0.0890625
6 0.30625 0.1734375 0.14375 0.071875
6 0.61796875 0.24453125 0.115625 0.0875
6 0.91015625 0.2390625 0.0671875 0.0609375
6 0.76953125 0.18359375 0.1140625 0.078125
6 0.6453125 0.159375 0.08125 0.0796875
6 0.46796875 0.12734375 0.0828125 0.0609375