6 0.13046875 0.63359375 0.2171875 0.19140625
6 0.4515625 0.61328125 0.24921875 0.14296875
6 0.7515625 0.62265625 0.19296875 0.08359375
6 0.89609375 0.615625 0.18515625 0.06875
6 0.57890625 0.403125 0.09453125 0.0890625
6 0.30703125 0.34375 0.2171875 0.09140625
6 0.0984375 0.3421875 0.071875 0.05390625
6 0.36796875 0.215625 0.140625 0.06171875
6 0.378125 0.13984375 0.1375 0.04453125
6 0.66875 0.275 0.1046875 0.0671875
6 0.95546875 0.3296875 0.0578125 0.05
6 0.8296875 0.246875 0.10390625 0.05703125
6 0.71328125 0.196875 0.06953125 0.0671875
6 0.54609375 0.12890625 0.075 0.046875