1 0.53125 0.55390625 0.078125 0.290625
1 0.334375 0.4734375 0.0625 0.196875
1 0.375 0.4046875 0.04296875 0.15390625
1 0.11875 0.46953125 0.04921875 0.18046875
1 0.14765625 0.4171875 0.03125 0.09296875
1 0.98125 0.4296875 0.0359375 0.14453125
1 0.51796875 0.37109375 0.03828125 0.10546875
2 0.0234375 0.43359375 0.046875 0.0875
2 0.0484375 0.39765625 0.0859375 0.04453125
2 0.2328125 0.415625 0.05078125 0.0671875
5 0.165625 0.37109375 0.04296875 0.11953125
5 0.65546875 0.37734375 0.05 0.203125
5 0.76484375 0.33359375 0.03671875 0.078125
5 0.90859375 0.37109375 0.0421875 0.15625
2 0.096875 0.28359375 0.0609375 0.05546875