0 0.7015625 0.4765625 0.1375 0.4078125
6 0.52421875 0.3421875 0.0984375 0.0796875
6 0.3671875 0.3125 0.1359375 0.06875
6 0.196875 0.36484375 0.0875 0.065625
6 0.0984375 0.23828125 0.121875 0.065625
6 0.01875 0.25390625 0.0375 0.0453125
6 0.03125 0.2984375 0.0625 0.053125
6 0.10078125 0.06328125 0.0640625 0.0625
6 0.2 0.16484375 0.071875 0.0625
6 0.34765625 0.2359375 0.1296875 0.059375
6 0.3953125 0.203125 0.1109375 0.0578125
6 0.45078125 0.14375 0.1078125 0.0546875
6 0.4078125 0.07109375 0.053125 0.0421875
6 0.54140625 0.134375 0.0703125 0.053125
6 0.85234375 0.35 0.140625 0.0671875
6 0.9578125 0.31875 0.0796875 0.0703125
6 0.9609375 0.25625 0.0640625 0.053125
6 0.97734375 0.153125 0.034375 0.05625
6 0.83359375 0.18203125 0.0578125 0.0640625
6 0.74375 0.19765625 0.140625 0.06875