0 0.35390625 0.675 0.178125 0.4375
0 0.909375 0.45859375 0.18125 0.3765625
0 0.8921875 0.2046875 0.16875 0.409375
0 0.74921875 0.12890625 0.1109375 0.2578125
0 0.95703125 0.0703125 0.0703125 0.140625
0 0.49921875 0.128125 0.0796875 0.25625
6 0.59296875 0.14140625 0.0875 0.1546875
6 0.39140625 0.27578125 0.153125 0.1453125
6 0.1703125 0.278125 0.2046875 0.128125
6 0.0859375 0.1140625 0.171875 0.09375
6 0.0359375 0.03125 0.071875 0.05
6 0.36953125 0.10859375 0.121875 0.1109375
0 0.63125 0.54296875 0.1046875 0.2953125