4 0.009375 0.25390625 0.01875 0.1015625
4 0.04296875 0.26640625 0.0390625 0.084375
4 0.05703125 0.43984375 0.1140625 0.3828125
4 0.13125 0.321875 0.0453125 0.1421875
4 0.15546875 0.39453125 0.07734375 0.3125
4 0.15859375 0.27421875 0.05390625 0.14453125
4 0.21953125 0.28125 0.0359375 0.04453125
4 0.28359375 0.48515625 0.14765625 0.51953125
4 0.3015625 0.33125 0.125 0.2046875
4 0.39921875 0.2671875 0.03984375 0.0703125
4 0.3765625 0.28984375 0.03828125 0.05859375
4 0.43203125 0.53125 0.1609375 0.40390625
4 0.41484375 0.3015625 0.08125 0.1234375
4 0.48515625 0.3 0.07734375 0.14453125
4 0.57734375 0.2421875 0.046875 0.07578125
4 0.54296875 0.2796875 0.05859375 0.09375
4 0.5984375 0.2609375 0.078125 0.08203125
4 0.58515625 0.4265625 0.11328125 0.37109375
4 0.6515625 0.265625 0.04609375 0.0625
4 0.68203125 0.35625 0.07109375 0.2484375
4 0.87578125 0.54765625 0.2453125 0.58984375
4 0.7453125 0.4046875 0.16015625 0.32265625
4 0.8546875 0.28671875 0.08984375 0.11484375