3 0.15859375 0.66796875 0.146875 0.33125
3 0.76171875 0.71640625 0.22109375 0.371875
3 0.91953125 0.64609375 0.15546875 0.40859375
3 0.85078125 0.82109375 0.1421875 0.3578125
3 0.4765625 0.68125 0.1140625 0.36875
3 0.378125 0.71875 0.1015625 0.375
3 0.19765625 0.3890625 0.05859375 0.165625
3 0.3375 0.409375 0.0640625 0.23125
3 0.421875 0.32109375 0.1203125 0.2
3 0.28125 0.22265625 0.0390625 0.1
3 0.35390625 0.221875 0.02578125 0.09296875
3 0.5375 0.2890625 0.09140625 0.18515625
3 0.5984375 0.44453125 0.11484375 0.165625
3 0.64453125 0.29296875 0.0609375 0.13984375
3 0.71484375 0.20703125 0.05546875 0.16015625
3 0.76796875 0.2875 0.084375 0.16328125
3 0.87421875 0.3015625 0.05546875 0.140625
3 0.96484375 0.31484375 0.05390625 0.16328125
3 0.93359375 0.19296875 0.0515625 0.125