3 0.2765625 0.4734375 0.3609375 0.8125
3 0.67265625 0.53515625 0.39375 0.8078125
3 0.10703125 0.19921875 0.1859375 0.3984375
3 0.05703125 0.53046875 0.1140625 0.4859375
3 0.0734375 0.67421875 0.146875 0.5109375
3 0.134375 0.41953125 0.1859375 0.5125
3 0.19375 0.1875 0.171875 0.375
3 0.2546875 0.17109375 0.15 0.3421875
3 0.2421875 0.38828125 0.0859375 0.18125
3 0.1921875 0.40078125 0.0890625 0.1859375
3 0.86328125 0.33046875 0.06875 0.2046875
3 0.8125 0.58515625 0.0734375 0.2171875
3 0.90390625 0.12578125 0.040625 0.125