4 0.05390625 0.18046875 0.034375 0.103125
4 0.08515625 0.19765625 0.0515625 0.0890625
4 0.07890625 0.37109375 0.1578125 0.3953125
4 0.16328125 0.26640625 0.0671875 0.146875
4 0.1765625 0.3421875 0.125 0.3203125
4 0.1984375 0.2234375 0.0765625 0.1515625
4 0.25703125 0.23984375 0.0421875 0.05
4 0.28828125 0.4515625 0.2265625 0.5359375
4 0.33046875 0.30234375 0.15625 0.221875
4 0.43671875 0.25390625 0.05 0.075
4 0.4109375 0.2734375 0.046875 0.0640625
4 0.428125 0.5203125 0.221875 0.4234375
4 0.446875 0.290625 0.1 0.134375
4 0.51640625 0.3 0.0984375 0.1546875
4 0.61640625 0.2578125 0.0578125 0.0828125
4 0.5765625 0.2890625 0.071875 0.1015625
4 0.634375 0.27890625 0.090625 0.09375
4 0.5953125 0.440625 0.1703125 0.384375
4 0.68671875 0.2921875 0.0546875 0.06875
4 0.70234375 0.38671875 0.109375 0.25625
4 0.8484375 0.60546875 0.303125 0.6203125
4 0.75703125 0.44453125 0.209375 0.34375
4 0.88359375 0.34453125 0.10625 0.128125