0 0.096875 0.59140625 0.09375 0.3234375
0 0.23828125 0.5828125 0.0796875 0.2875
0 0.33359375 0.60703125 0.0875 0.321875
0 0.42890625 0.6140625 0.0796875 0.321875
0 0.51953125 0.61484375 0.071875 0.30625
0 0.61484375 0.6296875 0.078125 0.3140625
0 0.70390625 0.62890625 0.0796875 0.328125
0 0.79453125 0.653125 0.0796875 0.3125
0 0.8875 0.64296875 0.0890625 0.34375
0 0.39609375 0.52890625 0.0625 0.284375
0 0.5375 0.46484375 0.0625 0.178125
0 0.61875 0.4046875 0.0671875 0.10625
0 0.32734375 0.403125 0.0609375 0.0796875
0 0.25859375 0.396875 0.078125 0.078125