6 0.21328125 0.59453125 0.04140625 0.10078125
6 0.3640625 0.52421875 0.07265625 0.14921875
6 0.46015625 0.55703125 0.0578125 0.20625
6 0.55234375 0.56328125 0.1 0.078125
6 0.62109375 0.52265625 0.04765625 0.196875
6 0.73203125 0.5625 0.08046875 0.10078125
6 0.82578125 0.55625 0.075 0.1375
6 0.20234375 0.37890625 0.0390625 0.16015625
6 0.29140625 0.35 0.04296875 0.20234375
6 0.40234375 0.35390625 0.04765625 0.1953125
6 0.49765625 0.3109375 0.05859375 0.19921875
6 0.66015625 0.30859375 0.046875 0.175
6 0.5609375 0.284375 0.04375 0.15078125
6 0.7125 0.33828125 0.04140625 0.19921875
6 0.8203125 0.30859375 0.046875 0.1859375