1 0.046875 0.5125 0.06328125 0.1390625
1 0.1109375 0.59765625 0.028125 0.22578125
1 0.15859375 0.57265625 0.05234375 0.05625
1 0.296875 0.5703125 0.021875 0.18515625
1 0.34296875 0.6328125 0.03359375 0.16953125
1 0.3734375 0.596875 0.02734375 0.1078125
1 0.41484375 0.5625 0.034375 0.15234375
1 0.48125 0.6125 0.01640625 0.13515625
1 0.53515625 0.63046875 0.03203125 0.178125
1 0.575 0.64296875 0.0125 0.16640625
1 0.615625 0.628125 0.03046875 0.11953125
1 0.65859375 0.62578125 0.01015625 0.1625
1 0.69296875 0.6453125 0.009375 0.18515625
1 0.71015625 0.6453125 0.015625 0.175
1 0.73984375 0.6671875 0.015625 0.196875
5 0.8703125 0.62265625 0.0328125 0.19375