1 0.1578125 0.67734375 0.20625 0.2328125
1 0.3078125 0.67890625 0.0921875 0.309375
1 0.4828125 0.56640625 0.0890625 0.2703125
1 0.65625 0.58125 0.0578125 0.2421875
1 0.815625 0.58359375 0.0625 0.253125
1 0.965625 0.5203125 0.0515625 0.2203125
1 0.13671875 0.45703125 0.0953125 0.1546875
1 0.28125 0.43984375 0.0796875 0.1703125
1 0.7234375 0.35703125 0.0375 0.078125
1 0.86171875 0.375 0.053125 0.153125
1 0.8265625 0.24453125 0.034375 0.096875
1 0.70625 0.2328125 0.034375 0.0796875
1 0.5921875 0.2921875 0.0453125 0.1359375
1 0.46015625 0.37109375 0.0234375 0.0734375
1 0.47578125 0.27421875 0.0484375 0.10625
1 0.36875 0.29140625 0.05625 0.1203125
1 0.13828125 0.29375 0.0453125 0.084375