1 0.14609375 0.653125 0.19140625 0.2203125
1 0.29609375 0.66484375 0.0703125 0.30546875
1 0.478125 0.56484375 0.07109375 0.265625
1 0.65 0.5921875 0.04140625 0.240625
1 0.809375 0.60546875 0.04453125 0.25
1 0.96328125 0.553125 0.0359375 0.21875
1 0.140625 0.43203125 0.084375 0.14921875
1 0.2859375 0.425 0.06875 0.16640625
1 0.7328125 0.37265625 0.0328125 0.07578125
1 0.86953125 0.40078125 0.04296875 0.15078125
1 0.84375 0.26796875 0.028125 0.09453125
1 0.72421875 0.24765625 0.0296875 0.07734375
1 0.60625 0.29921875 0.0359375 0.134375
1 0.46953125 0.36875 0.01875 0.071875
1 0.49140625 0.2734375 0.04140625 0.10390625
1 0.38359375 0.2828125 0.0484375 0.11796875
1 0.15390625 0.26875 0.0390625 0.08203125