4 0.0140625 0.39296875 0.028125 0.0921875
4 0.08046875 0.55625 0.1609375 0.4
4 0.09765625 0.4234375 0.08125 0.1484375
4 0.13984375 0.4875 0.15625 0.321875
4 0.11171875 0.3703125 0.0890625 0.153125
4 0.17265625 0.3609375 0.046875 0.0515625
4 0.2875 0.54140625 0.2765625 0.540625
4 0.26484375 0.38828125 0.1734375 0.2296875
4 0.3421875 0.3015625 0.05625 0.078125
4 0.3265625 0.32890625 0.0515625 0.0671875
4 0.4421875 0.54765625 0.259375 0.43125
4 0.36640625 0.33046875 0.1109375 0.140625
4 0.43359375 0.3109375 0.1125 0.159375
4 0.5078125 0.23125 0.065625 0.0859375
4 0.484375 0.27578125 0.08125 0.10625
4 0.53359375 0.24375 0.096875 0.1
4 0.56328125 0.40703125 0.2046875 0.3875
4 0.5859375 0.234375 0.0609375 0.071875
4 0.63828125 0.3140625 0.1328125 0.2578125
4 0.83984375 0.44765625 0.3203125 0.6328125
4 0.7125 0.34453125 0.2375 0.353125
4 0.7875 0.20234375 0.1171875 0.134375