6 0.22265625 0.61953125 0.05 0.1046875
6 0.36640625 0.5359375 0.0859375 0.1546875
6 0.465625 0.56015625 0.075 0.2109375
6 0.5578125 0.55859375 0.10625 0.0859375
6 0.62265625 0.51171875 0.0640625 0.2
6 0.73671875 0.5421875 0.0890625 0.1078125
6 0.8296875 0.52734375 0.0859375 0.14375
6 0.19296875 0.40546875 0.053125 0.1625
6 0.27890625 0.36875 0.0609375 0.2046875
6 0.38984375 0.36328125 0.0640625 0.1984375
6 0.48125 0.31171875 0.075 0.203125
6 0.64296875 0.2953125 0.0625 0.178125
6 0.5421875 0.2796875 0.05625 0.1546875
6 0.69765625 0.3203125 0.059375 0.2015625
6 0.80234375 0.28125 0.0625 0.1890625