0 0.6828125 0.67421875 0.1546875 0.3421875
0 0.6515625 0.596875 0.1328125 0.3046875
0 0.8015625 0.59296875 0.13125 0.303125
0 0.828125 0.65 0.140625 0.28125
6 0.76171875 0.3796875 0.0484375 0.171875
6 0.79765625 0.40078125 0.0375 0.1203125
6 0.7046875 0.44609375 0.046875 0.134375
6 0.6484375 0.4140625 0.034375 0.1125
6 0.5859375 0.52890625 0.0453125 0.1765625
6 0.53359375 0.5109375 0.0515625 0.1734375
6 0.44921875 0.5296875 0.05 0.1703125
6 0.3890625 0.553125 0.0546875 0.1765625
6 0.35078125 0.61328125 0.0484375 0.171875
6 0.34765625 0.66484375 0.0515625 0.1890625
6 0.31953125 0.478125 0.0296875 0.08125
6 0.278125 0.5546875 0.0421875 0.165625
6 0.24296875 0.6421875 0.0578125 0.171875
6 0.2109375 0.68671875 0.05 0.1890625
6 0.09609375 0.696875 0.0578125 0.1921875