6 0.2015625 0.54296875 0.0578125 0.10625
6 0.36171875 0.5 0.096875 0.159375
6 0.45078125 0.54921875 0.0921875 0.2125
6 0.540625 0.57109375 0.1125 0.09375
6 0.615625 0.54296875 0.08125 0.2015625
6 0.71796875 0.6015625 0.096875 0.1125
6 0.8109375 0.61171875 0.0984375 0.1484375
6 0.228125 0.32890625 0.065625 0.1640625
6 0.3203125 0.31640625 0.078125 0.20625
6 0.42890625 0.3390625 0.08125 0.2
6 0.53046875 0.31328125 0.0921875 0.20625
6 0.690625 0.3390625 0.0765625 0.18125
6 0.59765625 0.2984375 0.06875 0.15625
6 0.7375 0.37734375 0.075 0.203125
6 0.8484375 0.3671875 0.078125 0.190625