1 0.046875 0.5046875 0.065625 0.140625
1 0.109375 0.590625 0.0328125 0.2265625
1 0.15703125 0.56640625 0.053125 0.0578125
1 0.2953125 0.56640625 0.025 0.1859375
1 0.340625 0.6296875 0.0359375 0.1703125
1 0.371875 0.59453125 0.0296875 0.1078125
1 0.4140625 0.5609375 0.0375 0.153125
1 0.47890625 0.6125 0.01875 0.1359375
1 0.5328125 0.63125 0.034375 0.178125
1 0.57265625 0.64453125 0.015625 0.1671875
1 0.61328125 0.63046875 0.0328125 0.1203125
1 0.65625 0.62890625 0.0125 0.1625
1 0.690625 0.6484375 0.0125 0.1859375
1 0.7078125 0.64921875 0.01875 0.175
1 0.73671875 0.67109375 0.01875 0.196875
5 0.86796875 0.62890625 0.0359375 0.19375