3 0.275 0.48515625 0.321875 0.80625
3 0.67421875 0.52578125 0.35625 0.8
3 0.08984375 0.209375 0.1640625 0.41875
3 0.05234375 0.55625 0.1046875 0.484375
3 0.071875 0.69765625 0.14375 0.5078125
3 0.13046875 0.4390625 0.1609375 0.5109375
3 0.175 0.1953125 0.15 0.390625
3 0.23671875 0.17734375 0.1296875 0.3546875
3 0.23671875 0.40234375 0.0765625 0.1796875
3 0.1875 0.41640625 0.08125 0.184375
3 0.85390625 0.31171875 0.0578125 0.2046875
3 0.81640625 0.56875 0.0625 0.215625
3 0.88359375 0.10546875 0.034375 0.125