0 0.69140625 0.66484375 0.1703125 0.34375
0 0.65625 0.5890625 0.146875 0.30625
0 0.80625 0.57734375 0.1453125 0.3046875
0 0.8359375 0.63203125 0.153125 0.284375
6 0.7546875 0.365625 0.05625 0.171875
6 0.7921875 0.38515625 0.04375 0.1203125
6 0.7015625 0.43515625 0.0546875 0.134375
6 0.64375 0.40625 0.0390625 0.1125
6 0.5875 0.52421875 0.0546875 0.175
6 0.53359375 0.509375 0.0609375 0.1734375
6 0.45078125 0.53203125 0.059375 0.16875
6 0.3921875 0.55859375 0.0625 0.1765625
6 0.35703125 0.6203125 0.05625 0.171875
6 0.35625 0.67265625 0.0609375 0.1875
6 0.31875 0.4875 0.0328125 0.08125
6 0.28203125 0.56640625 0.05 0.1640625
6 0.25078125 0.65546875 0.065625 0.171875
6 0.22109375 0.7015625 0.059375 0.1875
6 0.10703125 0.71796875 0.0671875 0.1921875