1 0.15078125 0.71015625 0.1203125 0.215625
1 0.2578125 0.68046875 0.134375 0.2125
1 0.38671875 0.65546875 0.1078125 0.21875
1 0.496875 0.61171875 0.0953125 0.2046875
1 0.60859375 0.590625 0.1078125 0.196875
1 0.7171875 0.5421875 0.0921875 0.190625
1 0.82109375 0.475 0.103125 0.1875
1 0.621875 0.45703125 0.0453125 0.0921875
1 0.5203125 0.46484375 0.05625 0.1421875
1 0.4078125 0.49375 0.0453125 0.1046875
1 0.30546875 0.5046875 0.059375 0.109375
1 0.2015625 0.47265625 0.0734375 0.16875
1 0.32578125 0.40703125 0.05625 0.103125
1 0.51328125 0.375 0.0375 0.059375
1 0.59609375 0.334375 0.0296875 0.0359375