1 0.0484375 0.46484375 0.078125 0.1453125
1 0.103125 0.55625 0.0515625 0.228125
1 0.153125 0.53671875 0.0578125 0.0609375
1 0.290625 0.5484375 0.040625 0.1859375
1 0.3296875 0.615625 0.0515625 0.171875
1 0.3640625 0.5828125 0.0390625 0.109375
1 0.40859375 0.553125 0.05 0.1546875
1 0.46953125 0.61015625 0.0296875 0.1359375
1 0.52109375 0.63359375 0.05 0.18125
1 0.559375 0.65 0.0296875 0.1671875
1 0.6015625 0.63984375 0.0421875 0.121875
1 0.64453125 0.64140625 0.0265625 0.1625
1 0.6765625 0.66484375 0.028125 0.184375
1 0.69375 0.66640625 0.034375 0.175
1 0.72109375 0.69140625 0.0359375 0.196875
5 0.85546875 0.6609375 0.053125 0.196875