0 0.17421875 0.3515625 0.1828125 0.1140625
0 0.87421875 0.54765625 0.0875 0.31484375
6 0.37578125 0.61015625 0.08671875 0.11484375
6 0.290625 0.59296875 0.053125 0.12265625
6 0.58671875 0.40625 0.03828125 0.05
6 0.509375 0.34140625 0.08671875 0.0875
6 0.46953125 0.284375 0.0515625 0.171875
6 0.38828125 0.29296875 0.0390625 0.12265625
6 0.30546875 0.37734375 0.071875 0.04609375
6 0.5171875 0.43046875 0.05546875 0.09375
6 0.6453125 0.46875 0.0359375 0.1890625
6 0.73125 0.465625 0.07578125 0.12421875
6 0.79921875 0.5671875 0.06328125 0.2
6 0.15859375 0.46484375 0.0671875 0.1203125
0 0.0171875 0.434375 0.034375 0.153125