3 0.14296875 0.63125 0.18125 0.3453125
3 0.7375 0.7421875 0.259375 0.3921875
3 0.9015625 0.6890625 0.196875 0.421875
3 0.815625 0.83515625 0.178125 0.3296875
3 0.4578125 0.678125 0.1515625 0.378125
3 0.35625 0.7046875 0.140625 0.3828125
3 0.2109375 0.3578125 0.075 0.1703125
3 0.34765625 0.39296875 0.0875 0.2359375
3 0.440625 0.3140625 0.140625 0.2109375
3 0.31171875 0.2015625 0.05 0.103125
3 0.38359375 0.2078125 0.0359375 0.0953125
3 0.559375 0.29375 0.1109375 0.19375
3 0.60390625 0.45546875 0.13125 0.1765625
3 0.665625 0.309375 0.075 0.1453125
3 0.74453125 0.23125 0.071875 0.165625
3 0.7890625 0.31640625 0.1015625 0.171875
3 0.89296875 0.34140625 0.0703125 0.1453125
3 0.9734375 0.3640625 0.053125 0.16875
3 0.96328125 0.23984375 0.0640625 0.1296875