1 0.128125 0.66640625 0.096875 0.209375
1 0.23828125 0.65 0.1125 0.203125
1 0.36875 0.640625 0.0828125 0.2140625
1 0.48359375 0.6109375 0.071875 0.2
1 0.59609375 0.603125 0.0875 0.1921875
1 0.7109375 0.56796875 0.071875 0.1875
1 0.821875 0.5140625 0.0828125 0.18125
1 0.6265625 0.47265625 0.034375 0.0890625
1 0.52421875 0.46796875 0.0390625 0.1421875
1 0.409375 0.4828125 0.0328125 0.103125
1 0.30625 0.48046875 0.0484375 0.10625
1 0.20703125 0.43671875 0.0546875 0.1671875
1 0.33828125 0.38671875 0.0453125 0.1
1 0.528125 0.37734375 0.03125 0.0578125
1 0.615625 0.346875 0.025 0.0328125