3 0.15 0.65 0.1640625 0.3390625
3 0.75 0.7296875 0.240625 0.3828125
3 0.9109375 0.66796875 0.1765625 0.415625
3 0.83359375 0.828125 0.1609375 0.34375
3 0.4671875 0.6796875 0.1328125 0.3734375
3 0.3671875 0.71171875 0.1203125 0.3796875
3 0.20390625 0.3734375 0.0671875 0.16875
3 0.3421875 0.40078125 0.0765625 0.234375
3 0.43125 0.3171875 0.13125 0.20625
3 0.29609375 0.21171875 0.04375 0.1015625
3 0.36875 0.21484375 0.03125 0.09375
3 0.5484375 0.29140625 0.1015625 0.1890625
3 0.6015625 0.45 0.1234375 0.171875
3 0.65546875 0.30078125 0.06875 0.1421875
3 0.7296875 0.21875 0.0640625 0.1625
3 0.77890625 0.3015625 0.0921875 0.1671875
3 0.884375 0.32109375 0.0625 0.14375
3 0.97109375 0.3390625 0.0578125 0.165625
3 0.94921875 0.21640625 0.0578125 0.128125