0 0.10625 0.6265625 0.1203125 0.3296875
0 0.246875 0.60546875 0.1046875 0.29375
0 0.34375 0.62109375 0.115625 0.328125
0 0.4390625 0.61953125 0.1078125 0.3265625
0 0.5296875 0.6125 0.096875 0.3109375
0 0.62578125 0.61953125 0.10625 0.3203125
0 0.7140625 0.6109375 0.1078125 0.334375
0 0.80703125 0.6265625 0.10625 0.31875
0 0.8984375 0.60859375 0.11875 0.35
0 0.39921875 0.5375 0.0875 0.2875
0 0.534375 0.46171875 0.078125 0.1828125
0 0.61015625 0.39453125 0.0765625 0.1109375
0 0.31953125 0.41875 0.0671875 0.084375
0 0.25078125 0.41796875 0.084375 0.084375