3 0.275 0.5125 0.228125 0.784375
3 0.67578125 0.5046875 0.26328125 0.77421875
3 0.0546875 0.2390625 0.109375 0.4546875
3 0.04296875 0.6125 0.0859375 0.478125
3 0.0859375 0.75078125 0.11171875 0.4984375
3 0.12578125 0.484375 0.10078125 0.50234375
3 0.13828125 0.2140625 0.0984375 0.428125
3 0.19765625 0.19296875 0.08359375 0.3859375
3 0.2265625 0.43515625 0.05625 0.17421875
3 0.1796875 0.45546875 0.059375 0.17890625
3 0.828125 0.2703125 0.03359375 0.2015625
3 0.82265625 0.5296875 0.03671875 0.21328125
3 0.8328125 0.06171875 0.01953125 0.1234375