1 0.1171875 0.63984375 0.08359375 0.20390625
1 0.228125 0.63125 0.09921875 0.196875
1 0.359375 0.63125 0.06875 0.21015625
1 0.47578125 0.609375 0.05859375 0.196875
1 0.5890625 0.609375 0.07421875 0.18671875
1 0.70546875 0.5828125 0.05859375 0.18359375
1 0.8203125 0.53671875 0.0703125 0.17734375
1 0.628125 0.48125 0.02890625 0.0875
1 0.5265625 0.46953125 0.0296875 0.13984375
1 0.4109375 0.4765625 0.02578125 0.1015625
1 0.3078125 0.4671875 0.040625 0.103125
1 0.2125 0.41640625 0.04296875 0.1640625
1 0.346875 0.37578125 0.0390625 0.09765625
1 0.53671875 0.3796875 0.028125 0.05546875
1 0.62578125 0.35546875 0.0234375 0.03203125