0 0.653125 0.70078125 0.10390625 0.3296875
0 0.634375 0.61953125 0.0875 0.29453125
0 0.78359375 0.6390625 0.08671875 0.29296875
0 0.80078125 0.69921875 0.1 0.26875
6 0.77734375 0.421875 0.021875 0.17109375
6 0.809375 0.4484375 0.01875 0.11875
6 0.7109375 0.47890625 0.02734375 0.13125
6 0.66015625 0.43828125 0.01640625 0.11171875
6 0.58046875 0.5421875 0.01796875 0.17578125
6 0.53125 0.51640625 0.02578125 0.17109375
6 0.4453125 0.52109375 0.02421875 0.16796875
6 0.38203125 0.53515625 0.02734375 0.17421875
6 0.33515625 0.58828125 0.021875 0.17109375
6 0.3234375 0.6390625 0.02265625 0.1875
6 0.325 0.45 0.0171875 0.0796875
6 0.27265625 0.51953125 0.01640625 0.16484375
6 0.22421875 0.6 0.03125 0.16953125
6 0.18515625 0.6390625 0.0203125 0.1875
6 0.0703125 0.63125 0.02890625 0.190625