0 0.2046875 0.296875 0.2 0.14375
0 0.86015625 0.61171875 0.140625 0.325
6 0.35859375 0.58671875 0.1046875 0.128125
6 0.27734375 0.55546875 0.0734375 0.1296875
6 0.6015625 0.42265625 0.046875 0.05625
6 0.53671875 0.3453125 0.1 0.1015625
6 0.5078125 0.28203125 0.08125 0.178125
6 0.42578125 0.2765625 0.059375 0.128125
6 0.3296875 0.3453125 0.078125 0.0578125
6 0.52890625 0.434375 0.0703125 0.1015625
6 0.6484375 0.49453125 0.06875 0.1921875
6 0.73359375 0.50625 0.096875 0.1359375
6 0.7828125 0.61796875 0.096875 0.2078125
6 0.16953125 0.40625 0.0875 0.1296875
0 0.0359375 0.3515625 0.0609375 0.15625