0 0.171875 0.35703125 0.184375 0.1171875
0 0.875 0.54140625 0.09375 0.315625
6 0.37734375 0.6125 0.0890625 0.115625
6 0.2921875 0.596875 0.0546875 0.1234375
6 0.58515625 0.4046875 0.0390625 0.05
6 0.50625 0.34140625 0.0875 0.0890625
6 0.465625 0.28515625 0.0546875 0.1734375
6 0.384375 0.2953125 0.040625 0.1234375
6 0.303125 0.38046875 0.0734375 0.046875
6 0.515625 0.43046875 0.0578125 0.0953125
6 0.64453125 0.46640625 0.0390625 0.1890625
6 0.73046875 0.46171875 0.078125 0.125
6 0.8 0.56171875 0.0671875 0.2015625
6 0.1578125 0.47109375 0.06875 0.121875
0 0.0171875 0.4421875 0.034375 0.153125