1 0.1546875 0.67109375 0.203125 0.2296875
1 0.3046875 0.675 0.0859375 0.309375
1 0.48125 0.565625 0.084375 0.26875
1 0.6546875 0.584375 0.0546875 0.2421875
1 0.81484375 0.5890625 0.0578125 0.2515625
1 0.965625 0.52890625 0.046875 0.2203125
1 0.1375 0.45078125 0.0921875 0.153125
1 0.28203125 0.4359375 0.078125 0.1703125
1 0.72578125 0.3609375 0.0375 0.078125
1 0.8640625 0.38125 0.0515625 0.153125
1 0.83125 0.25 0.0328125 0.0953125
1 0.7109375 0.2359375 0.034375 0.078125
1 0.5953125 0.29375 0.0421875 0.1359375
1 0.4625 0.3703125 0.021875 0.0734375
1 0.4796875 0.27421875 0.046875 0.10625
1 0.37265625 0.2890625 0.0546875 0.1203125
1 0.1421875 0.2875 0.04375 0.084375